nova-4.lyon.grid5000.fr 1580830538 1580830658 1580830659 1580830779 1580830784 1580830904 1580831025
nova-3.lyon.grid5000.fr 1580897752 1580897872 1580897873 1580897993 1580897998 1580898118 1580898241
paravance-9.rennes.grid5000.fr 1580905751 1580905871 1580905876 1580905996 1580906007 1580906127 1580906240
yeti-4.grenoble.grid5000.fr 1580900015 1580900135 1580900136 1580900256 1580900261 1580900381 1580900743
troll-4.grenoble.grid5000.fr 1580899815 1580899935 1580899936 1580900056 1580900061 1580900181 1580900488
parasilo-2.rennes.grid5000.fr 1580899586 1580899706 1580899707 1580899827 1580899832 1580899952 1580900097
parapluie-8.rennes.grid5000.fr 1580899654 1580899774 1580899775 1580899895 1580899901 1580900021 1580900156
parapide-16.rennes.grid5000.fr 1580899557 1580899677 1580899678 1580899798 1580899804 1580899924 1580900029
taurus-5.lyon.grid5000.fr 1580897803 1580897923 1580897924 1580898044 1580898049 1580898169 1580898333
sagittaire-5.lyon.grid5000.fr 1580897930 1580898050 1580898051 1580898171 1580898176 1580898296 1580898434
sagittaire-5.lyon.grid5000.fr 1580896383 1580896503 1580896504 1580896624 1580896630 1580896750 1580896894
nova-21.lyon.grid5000.fr 1580909163 1580909283 1580909288 1580909408 1580909418 1580909538 1580909661
nova-17.lyon.grid5000.fr 1580909164 1580909284 1580909289 1580909409 1580909420 1580909540 1580909662
nova-16.lyon.grid5000.fr 1580909173 1580909293 1580909298 1580909418 1580909428 1580909548 1580909670
nova-15.lyon.grid5000.fr 1580909178 1580909298 1580909303 1580909423 1580909433 1580909553 1580909675
nova-14.lyon.grid5000.fr 1580909186 1580909306 1580909311 1580909431 1580909442 1580909562 1580909684
nova-9.lyon.grid5000.fr 1580911351 1580911471 1580911476 1580911596 1580911606 1580911727 1580911849
nova-7.lyon.grid5000.fr 1580911367 1580911487 1580911492 1580911612 1580911622 1580911742 1580911864
nova-6.lyon.grid5000.fr 1580911368 1580911488 1580911493 1580911613 1580911623 1580911743 1580911866
nova-8.lyon.grid5000.fr 1580911371 1580911491 1580911496 1580911616 1580911626 1580911746 1580911868
nova-5.lyon.grid5000.fr 1580911374 1580911494 1580911499 1580911619 1580911629 1580911750 1580911872
troll-1.grenoble.grid5000.fr 1580914401 1580914521 1580914522 1580914642 1580914648 1580914768 1580915076
troll-2.grenoble.grid5000.fr 1580915863 1580915983 1580915988 1580916108 1580916119 1580916239 1580916544
troll-2.grenoble.grid5000.fr 1580916549 1580916669 1580916674 1580916794 1580916805 1580916925 1580917234
troll-2.grenoble.grid5000.fr 1580917239 1580917359 1580917364 1580917484 1580917494 1580917614 1580917924
troll-2.grenoble.grid5000.fr 1580917929 1580918049 1580918054 1580918174 1580918184 1580918304 1580918614
sagittaire-5.lyon.grid5000.fr 1580912795 1580912915 1580912920 1580913040 1580913050 1580913171 1580913321
sagittaire-5.lyon.grid5000.fr 1580913326 1580913446 1580913451 1580913571 1580913582 1580913702 1580913859
sagittaire-5.lyon.grid5000.fr 1580913864 1580913984 1580913989 1580914109 1580914119 1580914239 1580914387
nova-5.lyon.grid5000.fr 1580914203 1580914323 1580914328 1580914448 1580914458 1580914578 1580914700
taurus-5.lyon.grid5000.fr 1580914220 1580914340 1580914345 1580914465 1580914475 1580914596 1580914761
sagittaire-5.lyon.grid5000.fr 1580914392 1580914512 1580914517 1580914637 1580914648 1580914768 1580914918
nova-5.lyon.grid5000.fr 1580914705 1580914825 1580914830 1580914950 1580914960 1580915081 1580915202
taurus-5.lyon.grid5000.fr 1580914766 1580914886 1580914891 1580915011 1580915021 1580915141 1580915306
sagittaire-5.lyon.grid5000.fr 1580914923 1580915043 1580915048 1580915168 1580915179 1580915299 1580915449
nova-5.lyon.grid5000.fr 1580915207 1580915327 1580915332 1580915452 1580915463 1580915583 1580915710
taurus-5.lyon.grid5000.fr 1580915311 1580915431 1580915436 1580915556 1580915566 1580915687 1580915851
nova-5.lyon.grid5000.fr 1580915715 1580915835 1580915840 1580915960 1580915971 1580916091 1580916211
taurus-5.lyon.grid5000.fr 1580915856 1580915976 1580915981 1580916101 1580916111 1580916231 1580916395
nova-5.lyon.grid5000.fr 1580916216 1580916336 1580916341 1580916461 1580916471 1580916592 1580916714
taurus-5.lyon.grid5000.fr 1580916400 1580916520 1580916525 1580916645 1580916656 1580916776 1580916942
paravance-9.rennes.grid5000.fr 1580914134 1580914254 1580914259 1580914379 1580914389 1580914510 1580914618
parapide-1.rennes.grid5000.fr 1580914206 1580914326 1580914331 1580914451 1580914461 1580914582 1580914687
parapluie-9.rennes.grid5000.fr 1580914306 1580914426 1580914431 1580914551 1580914561 1580914682 1580914812
paravance-9.rennes.grid5000.fr 1580914623 1580914743 1580914748 1580914868 1580914878 1580914999 1580915107
parapide-1.rennes.grid5000.fr 1580914692 1580914812 1580914817 1580914937 1580914947 1580915067 1580915171
parapluie-9.rennes.grid5000.fr 1580914817 1580914938 1580914943 1580915063 1580915073 1580915193 1580915326
paravance-9.rennes.grid5000.fr 1580915112 1580915232 1580915237 1580915357 1580915367 1580915487 1580915595
parapide-1.rennes.grid5000.fr 1580915176 1580915296 1580915301 1580915421 1580915432 1580915552 1580915660
parapluie-9.rennes.grid5000.fr 1580915331 1580915451 1580915456 1580915576 1580915587 1580915707 1580915840
paravance-9.rennes.grid5000.fr 1580915600 1580915720 1580915725 1580915845 1580915855 1580915976 1580916084
parapide-1.rennes.grid5000.fr 1580915665 1580915785 1580915790 1580915910 1580915920 1580916041 1580916146
parapluie-9.rennes.grid5000.fr 1580915845 1580915965 1580915970 1580916090 1580916101 1580916221 1580916353
paravance-9.rennes.grid5000.fr 1580916089 1580916209 1580916214 1580916334 1580916344 1580916464 1580916577
parapide-1.rennes.grid5000.fr 1580916151 1580916271 1580916276 1580916396 1580916406 1580916526 1580916628
parapluie-9.rennes.grid5000.fr 1580916358 1580916478 1580916483 1580916603 1580916613 1580916733 1580916869
parasilo-15.rennes.grid5000.fr 1580929078 1580929198 1580929203 1580929323 1580929334 1580929454 1580929603
parasilo-15.rennes.grid5000.fr 1580929608 1580929728 1580929733 1580929853 1580929863 1580929984 1580930129
parasilo-15.rennes.grid5000.fr 1580930134 1580930254 1580930259 1580930379 1580930389 1580930509 1580930651
parasilo-15.rennes.grid5000.fr 1580930656 1580930776 1580930781 1580930901 1580930911 1580931031 1580931177
parasilo-15.rennes.grid5000.fr 1580931182 1580931302 1580931307 1580931427 1580931437 1580931557 1580931681
yeti-3.grenoble.grid5000.fr 1580929078 1580929198 1580929203 1580929323 1580929333 1580929454 1580929818
yeti-3.grenoble.grid5000.fr 1580929823 1580929943 1580929948 1580930068 1580930078 1580930198 1580930562
yeti-3.grenoble.grid5000.fr 1580930567 1580930687 1580930692 1580930812 1580930822 1580930942 1580931306
yeti-3.grenoble.grid5000.fr 1580931311 1580931431 1580931436 1580931556 1580931566 1580931686 1580932050
grimoire-5.nancy.grid5000.fr 1581015809 1581015929 1581015934 1581016054 1581016064 1581016184 1581016320
grimoire-3.nancy.grid5000.fr 1581015815 1581015935 1581015940 1581016060 1581016070 1581016191 1581016325
graoully-1.nancy.grid5000.fr 1581015804 1581015924 1581015929 1581016049 1581016059 1581016179 1581016337
graoully-3.nancy.grid5000.fr 1581015836 1581015956 1581015961 1581016081 1581016091 1581016211 1581016364
graoully-4.nancy.grid5000.fr 1581015846 1581015966 1581015971 1581016091 1581016101 1581016221 1581016374
grimoire-2.nancy.grid5000.fr 1581016007 1581016127 1581016132 1581016252 1581016262 1581016383 1581016517
grimoire-5.nancy.grid5000.fr 1581016325 1581016445 1581016450 1581016570 1581016580 1581016700 1581016834
grimoire-3.nancy.grid5000.fr 1581016330 1581016450 1581016455 1581016575 1581016585 1581016706 1581016841
graoully-1.nancy.grid5000.fr 1581016342 1581016462 1581016467 1581016587 1581016597 1581016717 1581016870
graoully-3.nancy.grid5000.fr 1581016369 1581016489 1581016494 1581016614 1581016624 1581016745 1581016900
graoully-4.nancy.grid5000.fr 1581016379 1581016499 1581016504 1581016624 1581016635 1581016755 1581016908
grimoire-2.nancy.grid5000.fr 1581016522 1581016642 1581016647 1581016767 1581016777 1581016898 1581017032
grimoire-5.nancy.grid5000.fr 1581016839 1581016959 1581016964 1581017084 1581017094 1581017214 1581017350
grimoire-3.nancy.grid5000.fr 1581016846 1581016966 1581016971 1581017091 1581017102 1581017222 1581017357
graoully-1.nancy.grid5000.fr 1581016875 1581016995 1581017000 1581017120 1581017130 1581017250 1581017406
graoully-3.nancy.grid5000.fr 1581016905 1581017025 1581017030 1581017150 1581017160 1581017281 1581017433
graoully-4.nancy.grid5000.fr 1581016913 1581017033 1581017038 1581017158 1581017168 1581017288 1581017445
grimoire-2.nancy.grid5000.fr 1581017037 1581017157 1581017162 1581017282 1581017292 1581017413 1581017552
grimoire-5.nancy.grid5000.fr 1581017355 1581017475 1581017481 1581017601 1581017611 1581017731 1581017868
grimoire-3.nancy.grid5000.fr 1581017362 1581017482 1581017487 1581017607 1581017617 1581017738 1581017873
graoully-1.nancy.grid5000.fr 1581017411 1581017531 1581017536 1581017656 1581017666 1581017786 1581017939
graoully-3.nancy.grid5000.fr 1581017438 1581017558 1581017563 1581017683 1581017693 1581017814 1581017970
graoully-4.nancy.grid5000.fr 1581017450 1581017570 1581017575 1581017695 1581017706 1581017826 1581017979
grimoire-2.nancy.grid5000.fr 1581017557 1581017677 1581017682 1581017802 1581017812 1581017932 1581018066
grimoire-5.nancy.grid5000.fr 1581017873 1581017993 1581017998 1581018118 1581018128 1581018248 1581018383
grimoire-3.nancy.grid5000.fr 1581017878 1581017998 1581018003 1581018123 1581018133 1581018253 1581018388
graoully-1.nancy.grid5000.fr 1581017944 1581018064 1581018069 1581018189 1581018199 1581018319 1581018475
graoully-3.nancy.grid5000.fr 1581017975 1581018095 1581018100 1581018220 1581018230 1581018351 1581018504
graoully-4.nancy.grid5000.fr 1581017984 1581018104 1581018109 1581018229 1581018239 1581018359 1581018512
grimoire-2.nancy.grid5000.fr 1581018071 1581018191 1581018196 1581018316 1581018327 1581018447 1581018581
grisou-21.nancy.grid5000.fr 1581074467 1581074587 1581074592 1581074712 1581074723 1581074843 1581074982
grisou-17.nancy.grid5000.fr 1581074482 1581074602 1581074607 1581074727 1581074737 1581074857 1581074996
grisou-5.nancy.grid5000.fr 1581074620 1581074740 1581074745 1581074865 1581074875 1581074995 1581075137
grisou-9.nancy.grid5000.fr 1581074630 1581074750 1581074755 1581074875 1581074885 1581075005 1581075146
grisou-49.nancy.grid5000.fr 1581074633 1581074753 1581074758 1581074878 1581074888 1581075009 1581075149
grisou-50.nancy.grid5000.fr 1581074638 1581074758 1581074763 1581074883 1581074893 1581075013 1581075169
grisou-51.nancy.grid5000.fr 1581074646 1581074766 1581074771 1581074891 1581074902 1581075022 1581075178
grisou-21.nancy.grid5000.fr 1581074987 1581075107 1581075112 1581075232 1581075243 1581075363 1581075502
grisou-17.nancy.grid5000.fr 1581075001 1581075121 1581075126 1581075246 1581075256 1581075376 1581075518
grisou-5.nancy.grid5000.fr 1581075142 1581075262 1581075267 1581075387 1581075398 1581075518 1581075658
grisou-9.nancy.grid5000.fr 1581075151 1581075271 1581075276 1581075396 1581075406 1581075527 1581075666
grisou-49.nancy.grid5000.fr 1581075154 1581075274 1581075279 1581075399 1581075409 1581075529 1581075669
grisou-50.nancy.grid5000.fr 1581075174 1581075294 1581075299 1581075419 1581075429 1581075549 1581075709
grisou-51.nancy.grid5000.fr 1581075183 1581075303 1581075308 1581075428 1581075438 1581075559 1581075715
grisou-21.nancy.grid5000.fr 1581075507 1581075627 1581075632 1581075752 1581075763 1581075883 1581076022
grisou-17.nancy.grid5000.fr 1581075523 1581075643 1581075648 1581075768 1581075778 1581075898 1581076042
grisou-5.nancy.grid5000.fr 1581075663 1581075783 1581075788 1581075908 1581075918 1581076038 1581076178
grisou-9.nancy.grid5000.fr 1581075671 1581075791 1581075796 1581075916 1581075926 1581076046 1581076186
grisou-49.nancy.grid5000.fr 1581075674 1581075794 1581075799 1581075919 1581075930 1581076050 1581076190
grisou-50.nancy.grid5000.fr 1581075714 1581075834 1581075839 1581075959 1581075969 1581076089 1581076245
grisou-51.nancy.grid5000.fr 1581075720 1581075840 1581075845 1581075965 1581075975 1581076095 1581076252
grisou-21.nancy.grid5000.fr 1581076027 1581076147 1581076152 1581076272 1581076282 1581076403 1581076542
grisou-17.nancy.grid5000.fr 1581076047 1581076167 1581076172 1581076292 1581076302 1581076423 1581076564
grisou-5.nancy.grid5000.fr 1581076183 1581076303 1581076308 1581076428 1581076438 1581076558 1581076698
grisou-9.nancy.grid5000.fr 1581076191 1581076311 1581076316 1581076436 1581076446 1581076566 1581076706
grisou-49.nancy.grid5000.fr 1581076195 1581076315 1581076320 1581076440 1581076450 1581076571 1581076711
grisou-50.nancy.grid5000.fr 1581076250 1581076370 1581076375 1581076495 1581076505 1581076626 1581076782
grisou-51.nancy.grid5000.fr 1581076257 1581076377 1581076382 1581076502 1581076512 1581076632 1581076789
grisou-21.nancy.grid5000.fr 1581076547 1581076667 1581076672 1581076792 1581076802 1581076923 1581077062
grisou-17.nancy.grid5000.fr 1581076569 1581076689 1581076694 1581076814 1581076824 1581076944 1581077087
grisou-5.nancy.grid5000.fr 1581076703 1581076823 1581076828 1581076948 1581076959 1581077079 1581077219
grisou-9.nancy.grid5000.fr 1581076711 1581076831 1581076836 1581076956 1581076966 1581077086 1581077225
grisou-49.nancy.grid5000.fr 1581076716 1581076836 1581076841 1581076961 1581076971 1581077092 1581077232
grisou-50.nancy.grid5000.fr 1581076787 1581076907 1581076912 1581077032 1581077042 1581077163 1581077321
grisou-51.nancy.grid5000.fr 1581076794 1581076914 1581076919 1581077039 1581077049 1581077170 1581077324
