nova-23.lyon.grid5000.fr ep C 32 18.35 1581090863 1581090881 1200000 1200000 100 40
nova-23.lyon.grid5000.fr cg C 32 27.52 1581090888 1581090915 1200000 1200000 100 40
nova-23.lyon.grid5000.fr ep C 32 17.10 1581090922 1581090939 1380000 1380000 100 40
nova-23.lyon.grid5000.fr cg C 32 26.62 1581090946 1581090972 1380000 1380000 100 40
nova-23.lyon.grid5000.fr ep C 32 15.03 1581090979 1581090993 1560000 1560000 100 40
nova-23.lyon.grid5000.fr cg C 32 24.72 1581091100 1581091124 1560000 1560000 100 40
nova-23.lyon.grid5000.fr ep C 32 12.84 1581091131 1581091143 1740000 1740000 100 40
nova-23.lyon.grid5000.fr cg C 32 23.87 1581091150 1581091174 1740000 1740000 100 40
nova-23.lyon.grid5000.fr ep C 32 11.90 1581091181 1581091192 1920000 1920000 100 40
nova-23.lyon.grid5000.fr cg C 32 22.77 1581091199 1581091221 1920000 1920000 100 40
nova-23.lyon.grid5000.fr ep C 32 10.55 1581091228 1581091238 2100000 2100000 100 40
nova-23.lyon.grid5000.fr cg C 32 21.73 1581091245 1581091266 2100000 2100000 100 40
nova-10.lyon.grid5000.fr ep C 32 18.35 1581246279 1581246297 1200000 1200000 100 40
nova-10.lyon.grid5000.fr cg C 32 27.15 1581246304 1581246331 1200000 1200000 100 40
nova-10.lyon.grid5000.fr ep C 32 17.32 1581246338 1581246354 1380000 1380000 100 40
nova-10.lyon.grid5000.fr cg C 32 26.23 1581246361 1581246388 1380000 1380000 100 40
nova-10.lyon.grid5000.fr ep C 32 14.69 1581246395 1581246409 1560000 1560000 100 40
nova-10.lyon.grid5000.fr cg C 32 25.10 1581246416 1581246441 1560000 1560000 100 40
nova-10.lyon.grid5000.fr ep C 32 12.89 1581246448 1581246460 1740000 1740000 100 40
nova-10.lyon.grid5000.fr cg C 32 23.79 1581246467 1581246490 1740000 1740000 100 40
nova-10.lyon.grid5000.fr ep C 32 11.57 1581246497 1581246508 1920000 1920000 100 40
nova-10.lyon.grid5000.fr cg C 32 23.04 1581246515 1581246538 1920000 1920000 100 40
nova-10.lyon.grid5000.fr ep C 32 10.60 1581246545 1581246554 2100000 2100000 100 40
nova-10.lyon.grid5000.fr cg C 32 21.86 1581246561 1581246583 2100000 2100000 100 40
nova-12.lyon.grid5000.fr ep C 32 18.56 1581246058 1581246076 1200000 1200000 100 40
nova-12.lyon.grid5000.fr cg C 32 27.55 1581246083 1581246111 1200000 1200000 100 40
nova-12.lyon.grid5000.fr ep C 32 17.12 1581246118 1581246134 1380000 1380000 100 40
nova-12.lyon.grid5000.fr cg C 32 26.59 1581246141 1581246168 1380000 1380000 100 40
nova-12.lyon.grid5000.fr ep C 32 14.83 1581246175 1581246189 1560000 1560000 100 40
nova-12.lyon.grid5000.fr cg C 32 25.29 1581246196 1581246221 1560000 1560000 100 40
nova-12.lyon.grid5000.fr ep C 32 13.05 1581246228 1581246240 1740000 1740000 100 40
nova-12.lyon.grid5000.fr cg C 32 24.03 1581246247 1581246271 1740000 1740000 100 40
nova-12.lyon.grid5000.fr ep C 32 11.55 1581246278 1581246289 1920000 1920000 100 40
nova-12.lyon.grid5000.fr cg C 32 23.17 1581246296 1581246319 1920000 1920000 100 40
nova-12.lyon.grid5000.fr ep C 32 10.59 1581246326 1581246335 2100000 2100000 100 40
nova-12.lyon.grid5000.fr cg C 32 21.53 1581246342 1581246364 2100000 2100000 100 40
nova-14.lyon.grid5000.fr ep C 32 18.37 1581246058 1581246076 1200000 1200000 100 40
nova-14.lyon.grid5000.fr cg C 32 27.50 1581246083 1581246110 1200000 1200000 100 40
nova-14.lyon.grid5000.fr ep C 32 17.19 1581246117 1581246134 1380000 1380000 100 40
nova-14.lyon.grid5000.fr cg C 32 26.49 1581246141 1581246167 1380000 1380000 100 40
nova-14.lyon.grid5000.fr ep C 32 14.67 1581246174 1581246188 1560000 1560000 100 40
nova-14.lyon.grid5000.fr cg C 32 25.19 1581246195 1581246220 1560000 1560000 100 40
nova-14.lyon.grid5000.fr ep C 32 12.95 1581246227 1581246239 1740000 1740000 100 40
nova-14.lyon.grid5000.fr cg C 32 23.95 1581246246 1581246270 1740000 1740000 100 40
nova-14.lyon.grid5000.fr ep C 32 11.63 1581246277 1581246288 1920000 1920000 100 40
nova-14.lyon.grid5000.fr cg C 32 22.99 1581246295 1581246318 1920000 1920000 100 40
nova-14.lyon.grid5000.fr ep C 32 10.48 1581246325 1581246334 2100000 2100000 100 40
nova-14.lyon.grid5000.fr cg C 32 21.80 1581246341 1581246363 2100000 2100000 100 40
nova-14.lyon.grid5000.fr ep C 32 18.20 1581247037 1581247054 1200000 1200000 100 40
nova-14.lyon.grid5000.fr cg C 32 27.38 1581247061 1581247089 1200000 1200000 100 40
nova-14.lyon.grid5000.fr ep C 32 17.11 1581247103 1581247119 1380000 1380000 100 40
nova-14.lyon.grid5000.fr cg C 32 26.69 1581247126 1581247153 1380000 1380000 100 40
nova-14.lyon.grid5000.fr ep C 32 14.82 1581247160 1581247174 1560000 1560000 100 40
nova-14.lyon.grid5000.fr cg C 32 24.84 1581247181 1581247206 1560000 1560000 100 40
nova-14.lyon.grid5000.fr ep C 32 13.23 1581247213 1581247225 1740000 1740000 100 40
nova-14.lyon.grid5000.fr cg C 32 23.60 1581247232 1581247256 1740000 1740000 100 40
nova-14.lyon.grid5000.fr ep C 32 11.82 1581247263 1581247273 1920000 1920000 100 40
nova-14.lyon.grid5000.fr cg C 32 23.04 1581247280 1581247303 1920000 1920000 100 40
nova-14.lyon.grid5000.fr ep C 32 10.47 1581247310 1581247320 2100000 2100000 100 40
nova-14.lyon.grid5000.fr cg C 32 21.68 1581247327 1581247348 2100000 2100000 100 40
nova-16.lyon.grid5000.fr ep C 32 18.49 1581246058 1581246076 1200000 1200000 100 40
nova-16.lyon.grid5000.fr cg C 32 27.45 1581246083 1581246111 1200000 1200000 100 40
nova-16.lyon.grid5000.fr ep C 32 17.20 1581246118 1581246134 1380000 1380000 100 40
nova-16.lyon.grid5000.fr cg C 32 26.43 1581246141 1581246168 1380000 1380000 100 40
nova-16.lyon.grid5000.fr ep C 32 14.76 1581246175 1581246189 1560000 1560000 100 40
nova-16.lyon.grid5000.fr cg C 32 24.68 1581246196 1581246220 1560000 1560000 100 40
nova-16.lyon.grid5000.fr ep C 32 12.89 1581246227 1581246239 1740000 1740000 100 40
nova-16.lyon.grid5000.fr cg C 32 23.90 1581246246 1581246270 1740000 1740000 100 40
nova-16.lyon.grid5000.fr ep C 32 11.83 1581246277 1581246288 1920000 1920000 100 40
nova-16.lyon.grid5000.fr cg C 32 23.04 1581246295 1581246318 1920000 1920000 100 40
nova-16.lyon.grid5000.fr ep C 32 10.52 1581246325 1581246334 2100000 2100000 100 40
nova-16.lyon.grid5000.fr cg C 32 21.38 1581246341 1581246362 2100000 2100000 100 40
nova-16.lyon.grid5000.fr ep C 32 18.40 1581247052 1581247070 1200000 1200000 100 40
nova-16.lyon.grid5000.fr cg C 32 27.26 1581247077 1581247104 1200000 1200000 100 40
nova-16.lyon.grid5000.fr ep C 32 16.95 1581247111 1581247127 1380000 1380000 100 40
nova-16.lyon.grid5000.fr cg C 32 26.52 1581247134 1581247161 1380000 1380000 100 40
nova-16.lyon.grid5000.fr ep C 32 14.88 1581247168 1581247182 1560000 1560000 100 40
nova-16.lyon.grid5000.fr cg C 32 25.23 1581247189 1581247214 1560000 1560000 100 40
nova-16.lyon.grid5000.fr ep C 32 13.24 1581247221 1581247233 1740000 1740000 100 40
nova-16.lyon.grid5000.fr cg C 32 23.70 1581247240 1581247264 1740000 1740000 100 40
nova-16.lyon.grid5000.fr ep C 32 11.62 1581247271 1581247282 1920000 1920000 100 40
nova-16.lyon.grid5000.fr cg C 32 22.98 1581247289 1581247311 1920000 1920000 100 40
nova-16.lyon.grid5000.fr ep C 32 10.47 1581247319 1581247328 2100000 2100000 100 40
nova-16.lyon.grid5000.fr cg C 32 21.57 1581247335 1581247356 2100000 2100000 100 40
nova-10.lyon.grid5000.fr ep C 32 18.35 1581249111 1581249129 1200000 1200000 100 40
nova-10.lyon.grid5000.fr cg C 32 27.52 1581249136 1581249163 1200000 1200000 100 40
nova-10.lyon.grid5000.fr ep C 32 17.07 1581249170 1581249187 1380000 1380000 100 40
nova-10.lyon.grid5000.fr cg C 32 26.81 1581249194 1581249220 1380000 1380000 100 40
nova-10.lyon.grid5000.fr ep C 32 14.66 1581249227 1581249241 1560000 1560000 100 40
nova-10.lyon.grid5000.fr cg C 32 25.13 1581249248 1581249273 1560000 1560000 100 40
nova-10.lyon.grid5000.fr ep C 32 12.83 1581249280 1581249292 1740000 1740000 100 40
nova-10.lyon.grid5000.fr cg C 32 24.03 1581249299 1581249323 1740000 1740000 100 40
nova-10.lyon.grid5000.fr ep C 32 11.53 1581249330 1581249341 1920000 1920000 100 40
nova-10.lyon.grid5000.fr cg C 32 23.18 1581249348 1581249371 1920000 1920000 100 40
nova-10.lyon.grid5000.fr ep C 32 10.46 1581249378 1581249387 2100000 2100000 100 40
nova-10.lyon.grid5000.fr cg C 32 21.83 1581249394 1581249416 2100000 2100000 100 40
nova-12.lyon.grid5000.fr ep C 32 18.64 1581249120 1581249138 1200000 1200000 100 40
nova-12.lyon.grid5000.fr cg C 32 27.39 1581249145 1581249172 1200000 1200000 100 40
nova-12.lyon.grid5000.fr ep C 32 17.13 1581249180 1581249196 1380000 1380000 100 40
nova-12.lyon.grid5000.fr cg C 32 26.62 1581249203 1581249230 1380000 1380000 100 40
nova-12.lyon.grid5000.fr ep C 32 14.98 1581249237 1581249251 1560000 1560000 100 40
nova-12.lyon.grid5000.fr cg C 32 25.30 1581249258 1581249283 1560000 1560000 100 40
nova-12.lyon.grid5000.fr ep C 32 12.87 1581249290 1581249302 1740000 1740000 100 40
nova-12.lyon.grid5000.fr cg C 32 24.07 1581249309 1581249333 1740000 1740000 100 40
nova-12.lyon.grid5000.fr ep C 32 11.78 1581249340 1581249351 1920000 1920000 100 40
nova-12.lyon.grid5000.fr cg C 32 22.66 1581249358 1581249380 1920000 1920000 100 40
nova-12.lyon.grid5000.fr ep C 32 10.56 1581249387 1581249397 2100000 2100000 100 40
nova-12.lyon.grid5000.fr cg C 32 21.27 1581249404 1581249425 2100000 2100000 100 40
nova-14.lyon.grid5000.fr ep C 32 18.46 1581249327 1581249345 1200000 1200000 100 40
nova-14.lyon.grid5000.fr cg C 32 27.66 1581249352 1581249380 1200000 1200000 100 40
nova-14.lyon.grid5000.fr ep C 32 16.95 1581249387 1581249403 1380000 1380000 100 40
nova-14.lyon.grid5000.fr cg C 32 26.80 1581249410 1581249437 1380000 1380000 100 40
nova-14.lyon.grid5000.fr ep C 32 14.54 1581249444 1581249457 1560000 1560000 100 40
nova-14.lyon.grid5000.fr cg C 32 25.43 1581249464 1581249490 1560000 1560000 100 40
nova-14.lyon.grid5000.fr ep C 32 12.91 1581249497 1581249509 1740000 1740000 100 40
nova-14.lyon.grid5000.fr cg C 32 23.75 1581249516 1581249539 1740000 1740000 100 40
nova-14.lyon.grid5000.fr ep C 32 11.52 1581249546 1581249557 1920000 1920000 100 40
nova-14.lyon.grid5000.fr cg C 32 23.26 1581249564 1581249587 1920000 1920000 100 40
nova-14.lyon.grid5000.fr ep C 32 10.45 1581249594 1581249603 2100000 2100000 100 40
nova-14.lyon.grid5000.fr cg C 32 21.77 1581249610 1581249632 2100000 2100000 100 40
nova-17.lyon.grid5000.fr ep C 32 18.24 1581249293 1581249311 1200000 1200000 100 40
nova-17.lyon.grid5000.fr cg C 32 27.48 1581249318 1581249345 1200000 1200000 100 40
nova-17.lyon.grid5000.fr ep C 32 17.07 1581249352 1581249369 1380000 1380000 100 40
nova-17.lyon.grid5000.fr cg C 32 26.50 1581249376 1581249402 1380000 1380000 100 40
nova-17.lyon.grid5000.fr ep C 32 14.87 1581249409 1581249423 1560000 1560000 100 40
nova-17.lyon.grid5000.fr cg C 32 25.31 1581249430 1581249455 1560000 1560000 100 40
nova-17.lyon.grid5000.fr ep C 32 13.14 1581249462 1581249475 1740000 1740000 100 40
nova-17.lyon.grid5000.fr cg C 32 23.98 1581249482 1581249505 1740000 1740000 100 40
nova-17.lyon.grid5000.fr ep C 32 11.48 1581249513 1581249523 1920000 1920000 100 40
nova-17.lyon.grid5000.fr cg C 32 23.40 1581249530 1581249553 1920000 1920000 100 40
nova-17.lyon.grid5000.fr ep C 32 10.56 1581249560 1581249570 2100000 2100000 100 40
nova-17.lyon.grid5000.fr cg C 32 21.58 1581249577 1581249598 2100000 2100000 100 40
nova-15.lyon.grid5000.fr ep C 32 18.11 1581249445 1581249462 1200000 1200000 100 40
nova-15.lyon.grid5000.fr cg C 32 27.53 1581249469 1581249497 1200000 1200000 100 40
nova-15.lyon.grid5000.fr ep C 32 17.05 1581249504 1581249520 1380000 1380000 100 40
nova-15.lyon.grid5000.fr cg C 32 26.73 1581249527 1581249554 1380000 1380000 100 40
nova-15.lyon.grid5000.fr ep C 32 14.66 1581249561 1581249575 1560000 1560000 100 40
nova-15.lyon.grid5000.fr cg C 32 24.48 1581249582 1581249606 1560000 1560000 100 40
nova-15.lyon.grid5000.fr ep C 32 12.88 1581249613 1581249625 1740000 1740000 100 40
nova-15.lyon.grid5000.fr cg C 32 23.98 1581249632 1581249656 1740000 1740000 100 40
nova-15.lyon.grid5000.fr ep C 32 11.55 1581249663 1581249674 1920000 1920000 100 40
nova-15.lyon.grid5000.fr cg C 32 22.84 1581249681 1581249703 1920000 1920000 100 40
nova-15.lyon.grid5000.fr ep C 32 10.43 1581249710 1581249720 2100000 2100000 100 40
nova-15.lyon.grid5000.fr cg C 32 21.70 1581249727 1581249748 2100000 2100000 100 40
nova-14.lyon.grid5000.fr ep C 32 18.58 1581250322 1581250340 1200000 1200000 100 40
nova-14.lyon.grid5000.fr cg C 32 27.36 1581250347 1581250375 1200000 1200000 100 40
nova-14.lyon.grid5000.fr ep C 32 16.94 1581250382 1581250398 1380000 1380000 100 40
nova-14.lyon.grid5000.fr cg C 32 26.64 1581250405 1581250431 1380000 1380000 100 40
nova-14.lyon.grid5000.fr ep C 32 14.72 1581250438 1581250452 1560000 1560000 100 40
nova-14.lyon.grid5000.fr cg C 32 25.15 1581250459 1581250484 1560000 1560000 100 40
nova-14.lyon.grid5000.fr ep C 32 12.95 1581250491 1581250503 1740000 1740000 100 40
nova-14.lyon.grid5000.fr cg C 32 23.65 1581250510 1581250534 1740000 1740000 100 40
nova-14.lyon.grid5000.fr ep C 32 11.49 1581250541 1581250551 1920000 1920000 100 40
nova-14.lyon.grid5000.fr cg C 32 23.11 1581250558 1581250581 1920000 1920000 100 40
nova-14.lyon.grid5000.fr ep C 32 10.52 1581250588 1581250598 2100000 2100000 100 40
nova-14.lyon.grid5000.fr cg C 32 22.02 1581250605 1581250627 2100000 2100000 100 40
nova-15.lyon.grid5000.fr ep C 32 18.23 1581250431 1581250449 1200000 1200000 100 40
nova-15.lyon.grid5000.fr cg C 32 27.55 1581250456 1581250484 1200000 1200000 100 40
nova-15.lyon.grid5000.fr ep C 32 17.19 1581250491 1581250507 1380000 1380000 100 40
nova-15.lyon.grid5000.fr cg C 32 26.32 1581250514 1581250540 1380000 1380000 100 40
nova-15.lyon.grid5000.fr ep C 32 15.00 1581250548 1581250562 1560000 1560000 100 40
nova-15.lyon.grid5000.fr cg C 32 24.87 1581250569 1581250593 1560000 1560000 100 40
nova-15.lyon.grid5000.fr ep C 32 13.07 1581250600 1581250613 1740000 1740000 100 40
nova-15.lyon.grid5000.fr cg C 32 23.67 1581250620 1581250643 1740000 1740000 100 40
nova-15.lyon.grid5000.fr ep C 32 11.47 1581250650 1581250661 1920000 1920000 100 40
nova-15.lyon.grid5000.fr cg C 32 22.94 1581250668 1581250690 1920000 1920000 100 40
nova-15.lyon.grid5000.fr ep C 32 10.52 1581250697 1581250707 2100000 2100000 100 40
nova-15.lyon.grid5000.fr cg C 32 21.58 1581250714 1581250735 2100000 2100000 100 40
nova-11.lyon.grid5000.fr ep C 32 18.46 1581261038 1581261055 1200000 1200000 100 40
nova-11.lyon.grid5000.fr cg C 32 27.37 1581261062 1581261090 1200000 1200000 100 40
nova-11.lyon.grid5000.fr ft C 32 35.95 1581261107 1581261144 1200000 1200000 100 40
nova-11.lyon.grid5000.fr lu C 32 95.27 1581261151 1581261247 1200000 1200000 100 40
nova-11.lyon.grid5000.fr mg C 32 12.70 1581261254 1581261267 1200000 1200000 100 40
nova-11.lyon.grid5000.fr ep C 32 17.18 1581261274 1581261291 1380000 1380000 100 40
nova-11.lyon.grid5000.fr cg C 32 26.54 1581261298 1581261324 1380000 1380000 100 40
nova-11.lyon.grid5000.fr ft C 32 34.08 1581261341 1581261376 1380000 1380000 100 40
nova-11.lyon.grid5000.fr lu C 32 89.07 1581261383 1581261473 1380000 1380000 100 40
nova-11.lyon.grid5000.fr mg C 32 12.45 1581261480 1581261493 1380000 1380000 100 40
nova-11.lyon.grid5000.fr ep C 32 14.97 1581261500 1581261514 1560000 1560000 100 40
nova-11.lyon.grid5000.fr cg C 32 25.14 1581261521 1581261546 1560000 1560000 100 40
nova-11.lyon.grid5000.fr ft C 32 31.30 1581261562 1581261595 1560000 1560000 100 40
nova-11.lyon.grid5000.fr lu C 32 80.64 1581261602 1581261682 1560000 1560000 100 40
nova-11.lyon.grid5000.fr mg C 32 12.17 1581261689 1581261702 1560000 1560000 100 40
nova-11.lyon.grid5000.fr ep C 32 13.05 1581261709 1581261721 1740000 1740000 100 40
nova-11.lyon.grid5000.fr cg C 32 23.69 1581261728 1581261752 1740000 1740000 100 40
nova-11.lyon.grid5000.fr ft C 32 29.21 1581261768 1581261798 1740000 1740000 100 40
nova-11.lyon.grid5000.fr lu C 32 75.23 1581261805 1581261880 1740000 1740000 100 40
nova-11.lyon.grid5000.fr mg C 32 11.98 1581261887 1581261899 1740000 1740000 100 40
nova-11.lyon.grid5000.fr ep C 32 11.69 1581261907 1581261917 1920000 1920000 100 40
nova-11.lyon.grid5000.fr cg C 32 23.17 1581261924 1581261947 1920000 1920000 100 40
nova-11.lyon.grid5000.fr ft C 32 27.78 1581261963 1581261992 1920000 1920000 100 40
nova-11.lyon.grid5000.fr lu C 32 70.60 1581261999 1581262069 1920000 1920000 100 40
nova-11.lyon.grid5000.fr mg C 32 11.98 1581262076 1581262088 1920000 1920000 100 40
nova-11.lyon.grid5000.fr ep C 32 10.41 1581262096 1581262105 2100000 2100000 100 40
nova-11.lyon.grid5000.fr cg C 32 21.94 1581262112 1581262134 2100000 2100000 100 40
nova-11.lyon.grid5000.fr ft C 32 26.15 1581262149 1581262176 2100000 2100000 100 40
nova-11.lyon.grid5000.fr lu C 32 65.68 1581262183 1581262249 2100000 2100000 100 40
nova-11.lyon.grid5000.fr mg C 32 11.62 1581262256 1581262268 2100000 2100000 100 40
nova-11.lyon.grid5000.fr ep C 32 18.52 1581251440 1581251457 1200000 1200000 100 40
nova-11.lyon.grid5000.fr cg C 32 27.56 1581251464 1581251492 1200000 1200000 100 40
nova-11.lyon.grid5000.fr ft C 32 35.97 1581251509 1581251547 1200000 1200000 100 40
nova-11.lyon.grid5000.fr lu C 32 94.95 1581251554 1581251649 1200000 1200000 100 40
nova-11.lyon.grid5000.fr mg C 32 12.73 1581251656 1581251669 1200000 1200000 100 40
nova-11.lyon.grid5000.fr ep C 32 16.90 1581251676 1581251692 1380000 1380000 100 40
nova-11.lyon.grid5000.fr cg C 32 26.67 1581251699 1581251726 1380000 1380000 100 40
nova-11.lyon.grid5000.fr ft C 32 34.07 1581251743 1581251778 1380000 1380000 100 40
nova-11.lyon.grid5000.fr lu C 32 89.68 1581251785 1581251875 1380000 1380000 100 40
nova-11.lyon.grid5000.fr mg C 32 12.51 1581251882 1581251895 1380000 1380000 100 40
nova-11.lyon.grid5000.fr ep C 32 14.77 1581251909 1581251923 1560000 1560000 100 40
nova-11.lyon.grid5000.fr cg C 32 25.31 1581251930 1581251955 1560000 1560000 100 40
nova-11.lyon.grid5000.fr ft C 32 31.31 1581251972 1581252004 1560000 1560000 100 40
nova-11.lyon.grid5000.fr lu C 32 80.46 1581252011 1581252092 1560000 1560000 100 40
nova-11.lyon.grid5000.fr mg C 32 12.14 1581252099 1581252111 1560000 1560000 100 40
nova-11.lyon.grid5000.fr ep C 32 12.96 1581252118 1581252130 1740000 1740000 100 40
nova-11.lyon.grid5000.fr cg C 32 23.79 1581252137 1581252161 1740000 1740000 100 40
nova-11.lyon.grid5000.fr ft C 32 29.21 1581252177 1581252207 1740000 1740000 100 40
nova-11.lyon.grid5000.fr lu C 32 75.29 1581252214 1581252290 1740000 1740000 100 40
nova-11.lyon.grid5000.fr mg C 32 12.04 1581252297 1581252309 1740000 1740000 100 40
nova-11.lyon.grid5000.fr ep C 32 11.67 1581252316 1581252327 1920000 1920000 100 40
nova-11.lyon.grid5000.fr cg C 32 22.77 1581252334 1581252356 1920000 1920000 100 40
nova-11.lyon.grid5000.fr ft C 32 27.64 1581252372 1581252401 1920000 1920000 100 40
nova-11.lyon.grid5000.fr lu C 32 70.16 1581252408 1581252478 1920000 1920000 100 40
nova-11.lyon.grid5000.fr mg C 32 11.89 1581252491 1581252503 1920000 1920000 100 40
nova-11.lyon.grid5000.fr ep C 32 10.39 1581252511 1581252520 2100000 2100000 100 40
nova-11.lyon.grid5000.fr cg C 32 21.62 1581252527 1581252548 2100000 2100000 100 40
nova-11.lyon.grid5000.fr ft C 32 26.17 1581252570 1581252597 2100000 2100000 100 40
nova-11.lyon.grid5000.fr lu C 32 65.48 1581252604 1581252670 2100000 2100000 100 40
nova-11.lyon.grid5000.fr mg C 32 11.65 1581252677 1581252689 2100000 2100000 100 40
nova-12.lyon.grid5000.fr ep C 32 18.61 1581253211 1581253229 1200000 1200000 100 40
nova-12.lyon.grid5000.fr cg C 32 27.60 1581253236 1581253264 1200000 1200000 100 40
nova-12.lyon.grid5000.fr ft C 32 36.10 1581253281 1581253319 1200000 1200000 100 40
nova-12.lyon.grid5000.fr lu C 32 95.23 1581253326 1581253421 1200000 1200000 100 40
nova-12.lyon.grid5000.fr mg C 32 12.68 1581253428 1581253441 1200000 1200000 100 40
nova-12.lyon.grid5000.fr ep C 32 16.88 1581253448 1581253465 1380000 1380000 100 40
nova-12.lyon.grid5000.fr cg C 32 26.44 1581253472 1581253498 1380000 1380000 100 40
nova-12.lyon.grid5000.fr ft C 32 34.07 1581253515 1581253550 1380000 1380000 100 40
nova-12.lyon.grid5000.fr lu C 32 89.93 1581253557 1581253648 1380000 1380000 100 40
nova-12.lyon.grid5000.fr mg C 32 12.56 1581253655 1581253667 1380000 1380000 100 40
nova-12.lyon.grid5000.fr ep C 32 14.84 1581253675 1581253688 1560000 1560000 100 40
nova-12.lyon.grid5000.fr cg C 32 24.75 1581253695 1581253720 1560000 1560000 100 40
nova-12.lyon.grid5000.fr ft C 32 31.30 1581253737 1581253769 1560000 1560000 100 40
nova-12.lyon.grid5000.fr lu C 32 81.67 1581253776 1581253858 1560000 1560000 100 40
nova-12.lyon.grid5000.fr mg C 32 12.21 1581253865 1581253877 1560000 1560000 100 40
nova-12.lyon.grid5000.fr ep C 32 12.98 1581253884 1581253896 1740000 1740000 100 40
nova-12.lyon.grid5000.fr cg C 32 24.13 1581253903 1581253927 1740000 1740000 100 40
nova-12.lyon.grid5000.fr ft C 32 29.18 1581253943 1581253974 1740000 1740000 100 40
nova-12.lyon.grid5000.fr lu C 32 75.39 1581253981 1581254056 1740000 1740000 100 40
nova-12.lyon.grid5000.fr mg C 32 11.99 1581254063 1581254075 1740000 1740000 100 40
nova-12.lyon.grid5000.fr ep C 32 11.52 1581254082 1581254093 1920000 1920000 100 40
nova-12.lyon.grid5000.fr cg C 32 23.30 1581254100 1581254123 1920000 1920000 100 40
nova-12.lyon.grid5000.fr ft C 32 27.62 1581254139 1581254167 1920000 1920000 100 40
nova-12.lyon.grid5000.fr lu C 32 69.98 1581254174 1581254244 1920000 1920000 100 40
nova-12.lyon.grid5000.fr mg C 32 11.92 1581254251 1581254263 1920000 1920000 100 40
nova-12.lyon.grid5000.fr ep C 32 10.46 1581254271 1581254280 2100000 2100000 100 40
nova-12.lyon.grid5000.fr cg C 32 21.99 1581254287 1581254309 2100000 2100000 100 40
nova-12.lyon.grid5000.fr ft C 32 26.12 1581254324 1581254351 2100000 2100000 100 40
nova-12.lyon.grid5000.fr lu C 32 65.26 1581254358 1581254423 2100000 2100000 100 40
nova-12.lyon.grid5000.fr mg C 32 11.66 1581254430 1581254442 2100000 2100000 100 40
nova-14.lyon.grid5000.fr ep C 32 18.55 1581262750 1581262768 1200000 1200000 100 40
nova-14.lyon.grid5000.fr cg C 32 27.47 1581262775 1581262802 1200000 1200000 100 40
nova-14.lyon.grid5000.fr ft C 32 35.97 1581262819 1581262856 1200000 1200000 100 40
nova-14.lyon.grid5000.fr lu C 32 94.27 1581262863 1581262958 1200000 1200000 100 40
nova-14.lyon.grid5000.fr mg C 32 12.76 1581262965 1581262978 1200000 1200000 100 40
nova-14.lyon.grid5000.fr ep C 32 17.04 1581262985 1581263002 1380000 1380000 100 40
nova-14.lyon.grid5000.fr cg C 32 26.74 1581263009 1581263035 1380000 1380000 100 40
nova-14.lyon.grid5000.fr ft C 32 34.10 1581263052 1581263088 1380000 1380000 100 40
nova-14.lyon.grid5000.fr lu C 32 89.41 1581263095 1581263184 1380000 1380000 100 40
nova-14.lyon.grid5000.fr mg C 32 12.44 1581263191 1581263204 1380000 1380000 100 40
nova-14.lyon.grid5000.fr ep C 32 14.94 1581263211 1581263225 1560000 1560000 100 40
nova-14.lyon.grid5000.fr cg C 32 25.07 1581263232 1581263257 1560000 1560000 100 40
nova-14.lyon.grid5000.fr ft C 32 31.27 1581263274 1581263306 1560000 1560000 100 40
nova-14.lyon.grid5000.fr lu C 32 82.06 1581263313 1581263395 1560000 1560000 100 40
nova-14.lyon.grid5000.fr mg C 32 12.15 1581263402 1581263415 1560000 1560000 100 40
nova-14.lyon.grid5000.fr ep C 32 13.06 1581263422 1581263434 1740000 1740000 100 40
nova-14.lyon.grid5000.fr cg C 32 23.82 1581263441 1581263465 1740000 1740000 100 40
nova-14.lyon.grid5000.fr ft C 32 29.22 1581263481 1581263511 1740000 1740000 100 40
nova-14.lyon.grid5000.fr lu C 32 74.36 1581263518 1581263593 1740000 1740000 100 40
nova-14.lyon.grid5000.fr mg C 32 11.99 1581263600 1581263612 1740000 1740000 100 40
nova-14.lyon.grid5000.fr ep C 32 11.43 1581263619 1581263629 1920000 1920000 100 40
nova-14.lyon.grid5000.fr cg C 32 22.83 1581263636 1581263659 1920000 1920000 100 40
nova-14.lyon.grid5000.fr ft C 32 27.59 1581263675 1581263703 1920000 1920000 100 40
nova-14.lyon.grid5000.fr lu C 32 69.84 1581263710 1581263780 1920000 1920000 100 40
nova-14.lyon.grid5000.fr mg C 32 11.94 1581263787 1581263799 1920000 1920000 100 40
nova-14.lyon.grid5000.fr ep C 32 10.48 1581263806 1581263816 2100000 2100000 100 40
nova-14.lyon.grid5000.fr cg C 32 21.70 1581263823 1581263844 2100000 2100000 100 40
nova-14.lyon.grid5000.fr ft C 32 26.17 1581263860 1581263887 2100000 2100000 100 40
nova-14.lyon.grid5000.fr lu C 32 64.45 1581263894 1581263958 2100000 2100000 100 40
nova-14.lyon.grid5000.fr mg C 32 11.68 1581263965 1581263977 2100000 2100000 100 40
nova-14.lyon.grid5000.fr ep C 32 18.25 1581253202 1581253220 1200000 1200000 100 40
nova-14.lyon.grid5000.fr cg C 32 27.43 1581253227 1581253254 1200000 1200000 100 40
nova-14.lyon.grid5000.fr ft C 32 35.92 1581253271 1581253309 1200000 1200000 100 40
nova-14.lyon.grid5000.fr lu C 32 94.96 1581253316 1581253411 1200000 1200000 100 40
nova-14.lyon.grid5000.fr mg C 32 12.68 1581253418 1581253431 1200000 1200000 100 40
nova-14.lyon.grid5000.fr ep C 32 17.00 1581253438 1581253454 1380000 1380000 100 40
nova-14.lyon.grid5000.fr cg C 32 26.52 1581253461 1581253488 1380000 1380000 100 40
nova-14.lyon.grid5000.fr ft C 32 34.09 1581253504 1581253540 1380000 1380000 100 40
nova-14.lyon.grid5000.fr lu C 32 90.25 1581253547 1581253638 1380000 1380000 100 40
nova-14.lyon.grid5000.fr mg C 32 12.71 1581253645 1581253658 1380000 1380000 100 40
nova-14.lyon.grid5000.fr ep C 32 15.02 1581253665 1581253679 1560000 1560000 100 40
nova-14.lyon.grid5000.fr cg C 32 24.93 1581253686 1581253711 1560000 1560000 100 40
nova-14.lyon.grid5000.fr ft C 32 31.30 1581253727 1581253759 1560000 1560000 100 40
nova-14.lyon.grid5000.fr lu C 32 81.26 1581253766 1581253848 1560000 1560000 100 40
nova-14.lyon.grid5000.fr mg C 32 12.33 1581253855 1581253867 1560000 1560000 100 40
nova-14.lyon.grid5000.fr ep C 32 12.91 1581253875 1581253887 1740000 1740000 100 40
nova-14.lyon.grid5000.fr cg C 32 23.66 1581253894 1581253917 1740000 1740000 100 40
nova-14.lyon.grid5000.fr ft C 32 29.25 1581253933 1581253964 1740000 1740000 100 40
nova-14.lyon.grid5000.fr lu C 32 75.14 1581253971 1581254046 1740000 1740000 100 40
nova-14.lyon.grid5000.fr mg C 32 11.99 1581254053 1581254065 1740000 1740000 100 40
nova-14.lyon.grid5000.fr ep C 32 11.54 1581254072 1581254083 1920000 1920000 100 40
nova-14.lyon.grid5000.fr cg C 32 22.96 1581254090 1581254112 1920000 1920000 100 40
nova-14.lyon.grid5000.fr ft C 32 27.56 1581254128 1581254157 1920000 1920000 100 40
nova-14.lyon.grid5000.fr lu C 32 69.46 1581254164 1581254233 1920000 1920000 100 40
nova-14.lyon.grid5000.fr mg C 32 11.87 1581254240 1581254252 1920000 1920000 100 40
nova-14.lyon.grid5000.fr ep C 32 10.52 1581254259 1581254269 2100000 2100000 100 40
nova-14.lyon.grid5000.fr cg C 32 21.78 1581254276 1581254297 2100000 2100000 100 40
nova-14.lyon.grid5000.fr ft C 32 26.15 1581254313 1581254340 2100000 2100000 100 40
nova-14.lyon.grid5000.fr lu C 32 65.40 1581254347 1581254412 2100000 2100000 100 40
nova-14.lyon.grid5000.fr mg C 32 11.66 1581254419 1581254431 2100000 2100000 100 40
nova-15.lyon.grid5000.fr ep C 32 18.48 1581259393 1581259411 1200000 1200000 100 40
nova-15.lyon.grid5000.fr cg C 32 27.33 1581259418 1581259445 1200000 1200000 100 40
nova-15.lyon.grid5000.fr ft C 32 36.05 1581259462 1581259500 1200000 1200000 100 40
nova-15.lyon.grid5000.fr lu C 32 93.91 1581259507 1581259601 1200000 1200000 100 40
nova-15.lyon.grid5000.fr mg C 32 12.76 1581259608 1581259621 1200000 1200000 100 40
nova-15.lyon.grid5000.fr ep C 32 16.83 1581259628 1581259644 1380000 1380000 100 40
nova-15.lyon.grid5000.fr cg C 32 26.61 1581259651 1581259678 1380000 1380000 100 40
nova-15.lyon.grid5000.fr ft C 32 34.15 1581259695 1581259730 1380000 1380000 100 40
nova-15.lyon.grid5000.fr lu C 32 88.54 1581259737 1581259826 1380000 1380000 100 40
nova-15.lyon.grid5000.fr mg C 32 12.51 1581259833 1581259846 1380000 1380000 100 40
nova-15.lyon.grid5000.fr ep C 32 14.76 1581259853 1581259867 1560000 1560000 100 40
nova-15.lyon.grid5000.fr cg C 32 25.14 1581259874 1581259899 1560000 1560000 100 40
nova-15.lyon.grid5000.fr ft C 32 31.29 1581259916 1581259948 1560000 1560000 100 40
nova-15.lyon.grid5000.fr lu C 32 81.04 1581259955 1581260036 1560000 1560000 100 40
nova-15.lyon.grid5000.fr mg C 32 12.21 1581260043 1581260056 1560000 1560000 100 40
nova-15.lyon.grid5000.fr ep C 32 12.95 1581260063 1581260075 1740000 1740000 100 40
nova-15.lyon.grid5000.fr cg C 32 23.78 1581260082 1581260106 1740000 1740000 100 40
nova-15.lyon.grid5000.fr ft C 32 29.19 1581260122 1581260152 1740000 1740000 100 40
nova-15.lyon.grid5000.fr lu C 32 75.18 1581260159 1581260234 1740000 1740000 100 40
nova-15.lyon.grid5000.fr mg C 32 12.01 1581260241 1581260253 1740000 1740000 100 40
nova-15.lyon.grid5000.fr ep C 32 11.45 1581260260 1581260271 1920000 1920000 100 40
nova-15.lyon.grid5000.fr cg C 32 22.97 1581260278 1581260301 1920000 1920000 100 40
nova-15.lyon.grid5000.fr ft C 32 28.07 1581260316 1581260345 1920000 1920000 100 40
nova-15.lyon.grid5000.fr lu C 32 70.45 1581260352 1581260423 1920000 1920000 100 40
nova-15.lyon.grid5000.fr mg C 32 12.01 1581260430 1581260442 1920000 1920000 100 40
nova-15.lyon.grid5000.fr ep C 32 10.56 1581260449 1581260459 2100000 2100000 100 40
nova-15.lyon.grid5000.fr cg C 32 21.55 1581260466 1581260487 2100000 2100000 100 40
nova-15.lyon.grid5000.fr ft C 32 26.24 1581260502 1581260530 2100000 2100000 100 40
nova-15.lyon.grid5000.fr lu C 32 65.54 1581260537 1581260602 2100000 2100000 100 40
nova-15.lyon.grid5000.fr mg C 32 11.76 1581260609 1581260621 2100000 2100000 100 40
nova-15.lyon.grid5000.fr ep C 32 18.49 1581253211 1581253229 1200000 1200000 100 40
nova-15.lyon.grid5000.fr cg C 32 27.40 1581253236 1581253264 1200000 1200000 100 40
nova-15.lyon.grid5000.fr ft C 32 36.20 1581253280 1581253318 1200000 1200000 100 40
nova-15.lyon.grid5000.fr lu C 32 95.75 1581253325 1581253421 1200000 1200000 100 40
nova-15.lyon.grid5000.fr mg C 32 12.84 1581253428 1581253442 1200000 1200000 100 40
nova-15.lyon.grid5000.fr ep C 32 17.11 1581253449 1581253465 1380000 1380000 100 40
nova-15.lyon.grid5000.fr cg C 32 26.41 1581253472 1581253498 1380000 1380000 100 40
nova-15.lyon.grid5000.fr ft C 32 34.17 1581253515 1581253551 1380000 1380000 100 40
nova-15.lyon.grid5000.fr lu C 32 89.74 1581253558 1581253648 1380000 1380000 100 40
nova-15.lyon.grid5000.fr mg C 32 12.47 1581253655 1581253668 1380000 1380000 100 40
nova-15.lyon.grid5000.fr ep C 32 14.90 1581253675 1581253689 1560000 1560000 100 40
nova-15.lyon.grid5000.fr cg C 32 25.37 1581253696 1581253721 1560000 1560000 100 40
nova-15.lyon.grid5000.fr ft C 32 31.33 1581253737 1581253770 1560000 1560000 100 40
nova-15.lyon.grid5000.fr lu C 32 81.47 1581253777 1581253859 1560000 1560000 100 40
nova-15.lyon.grid5000.fr mg C 32 12.22 1581253866 1581253878 1560000 1560000 100 40
nova-15.lyon.grid5000.fr ep C 32 12.92 1581253885 1581253897 1740000 1740000 100 40
nova-15.lyon.grid5000.fr cg C 32 23.73 1581253904 1581253928 1740000 1740000 100 40
nova-15.lyon.grid5000.fr ft C 32 29.21 1581253944 1581253974 1740000 1740000 100 40
nova-15.lyon.grid5000.fr lu C 32 75.54 1581253981 1581254057 1740000 1740000 100 40
nova-15.lyon.grid5000.fr mg C 32 12.06 1581254064 1581254076 1740000 1740000 100 40
nova-15.lyon.grid5000.fr ep C 32 11.58 1581254083 1581254094 1920000 1920000 100 40
nova-15.lyon.grid5000.fr cg C 32 22.68 1581254101 1581254123 1920000 1920000 100 40
nova-15.lyon.grid5000.fr ft C 32 27.63 1581254139 1581254167 1920000 1920000 100 40
nova-15.lyon.grid5000.fr lu C 32 70.51 1581254174 1581254245 1920000 1920000 100 40
nova-15.lyon.grid5000.fr mg C 32 12.05 1581254252 1581254264 1920000 1920000 100 40
nova-15.lyon.grid5000.fr ep C 32 10.57 1581254271 1581254281 2100000 2100000 100 40
nova-15.lyon.grid5000.fr cg C 32 21.54 1581254288 1581254309 2100000 2100000 100 40
nova-15.lyon.grid5000.fr ft C 32 26.11 1581254325 1581254351 2100000 2100000 100 40
nova-15.lyon.grid5000.fr lu C 32 65.81 1581254359 1581254424 2100000 2100000 100 40
nova-15.lyon.grid5000.fr mg C 32 11.63 1581254431 1581254443 2100000 2100000 100 40
nova-16.lyon.grid5000.fr ep C 32 18.35 1581260980 1581260998 1200000 1200000 100 40
nova-16.lyon.grid5000.fr cg C 32 27.43 1581261005 1581261033 1200000 1200000 100 40
nova-16.lyon.grid5000.fr ft C 32 35.95 1581261049 1581261087 1200000 1200000 100 40
nova-16.lyon.grid5000.fr lu C 32 95.64 1581261094 1581261190 1200000 1200000 100 40
nova-16.lyon.grid5000.fr mg C 32 12.71 1581261197 1581261210 1200000 1200000 100 40
nova-16.lyon.grid5000.fr ep C 32 17.07 1581261217 1581261233 1380000 1380000 100 40
nova-16.lyon.grid5000.fr cg C 32 26.61 1581261240 1581261267 1380000 1380000 100 40
nova-16.lyon.grid5000.fr ft C 32 34.12 1581261284 1581261319 1380000 1380000 100 40
nova-16.lyon.grid5000.fr lu C 32 89.12 1581261326 1581261416 1380000 1380000 100 40
nova-16.lyon.grid5000.fr mg C 32 12.57 1581261423 1581261436 1380000 1380000 100 40
nova-16.lyon.grid5000.fr ep C 32 14.62 1581261443 1581261456 1560000 1560000 100 40
nova-16.lyon.grid5000.fr cg C 32 25.37 1581261463 1581261489 1560000 1560000 100 40
nova-16.lyon.grid5000.fr ft C 32 31.35 1581261505 1581261538 1560000 1560000 100 40
nova-16.lyon.grid5000.fr lu C 32 81.24 1581261545 1581261626 1560000 1560000 100 40
nova-16.lyon.grid5000.fr mg C 32 12.19 1581261633 1581261646 1560000 1560000 100 40
nova-16.lyon.grid5000.fr ep C 32 12.85 1581261653 1581261665 1740000 1740000 100 40
nova-16.lyon.grid5000.fr cg C 32 23.78 1581261672 1581261695 1740000 1740000 100 40
nova-16.lyon.grid5000.fr ft C 32 29.24 1581261711 1581261741 1740000 1740000 100 40
nova-16.lyon.grid5000.fr lu C 32 75.65 1581261748 1581261824 1740000 1740000 100 40
nova-16.lyon.grid5000.fr mg C 32 12.05 1581261831 1581261843 1740000 1740000 100 40
nova-16.lyon.grid5000.fr ep C 32 11.55 1581261850 1581261861 1920000 1920000 100 40
nova-16.lyon.grid5000.fr cg C 32 23.02 1581261868 1581261891 1920000 1920000 100 40
nova-16.lyon.grid5000.fr ft C 32 27.88 1581261907 1581261936 1920000 1920000 100 40
nova-16.lyon.grid5000.fr lu C 32 71.24 1581261943 1581262014 1920000 1920000 100 40
nova-16.lyon.grid5000.fr mg C 32 11.91 1581262021 1581262033 1920000 1920000 100 40
nova-16.lyon.grid5000.fr ep C 32 10.43 1581262040 1581262049 2100000 2100000 100 40
nova-16.lyon.grid5000.fr cg C 32 21.67 1581262056 1581262078 2100000 2100000 100 40
nova-16.lyon.grid5000.fr ft C 32 26.20 1581262093 1581262120 2100000 2100000 100 40
nova-16.lyon.grid5000.fr lu C 32 65.79 1581262127 1581262193 2100000 2100000 100 40
nova-16.lyon.grid5000.fr mg C 32 11.66 1581262200 1581262212 2100000 2100000 100 40
nova-16.lyon.grid5000.fr ep C 32 18.78 1581251411 1581251429 1200000 1200000 100 40
nova-16.lyon.grid5000.fr cg C 32 27.55 1581251436 1581251464 1200000 1200000 100 40
nova-16.lyon.grid5000.fr ft C 32 35.97 1581251481 1581251518 1200000 1200000 100 40
nova-16.lyon.grid5000.fr lu C 32 95.42 1581251525 1581251621 1200000 1200000 100 40
nova-16.lyon.grid5000.fr mg C 32 12.69 1581251628 1581251641 1200000 1200000 100 40
nova-16.lyon.grid5000.fr ep C 32 17.19 1581251648 1581251665 1380000 1380000 100 40
nova-16.lyon.grid5000.fr cg C 32 26.47 1581251672 1581251698 1380000 1380000 100 40
nova-16.lyon.grid5000.fr ft C 32 34.12 1581251715 1581251750 1380000 1380000 100 40
nova-16.lyon.grid5000.fr lu C 32 89.84 1581251757 1581251848 1380000 1380000 100 40
nova-16.lyon.grid5000.fr mg C 32 12.51 1581251855 1581251867 1380000 1380000 100 40
nova-16.lyon.grid5000.fr ep C 32 14.70 1581251875 1581251888 1560000 1560000 100 40
nova-16.lyon.grid5000.fr cg C 32 25.20 1581251895 1581251920 1560000 1560000 100 40
nova-16.lyon.grid5000.fr ft C 32 31.34 1581251937 1581251970 1560000 1560000 100 40
nova-16.lyon.grid5000.fr lu C 32 81.04 1581251977 1581252058 1560000 1560000 100 40
nova-16.lyon.grid5000.fr mg C 32 12.35 1581252065 1581252077 1560000 1560000 100 40
nova-16.lyon.grid5000.fr ep C 32 12.87 1581252084 1581252096 1740000 1740000 100 40
nova-16.lyon.grid5000.fr cg C 32 23.78 1581252103 1581252127 1740000 1740000 100 40
nova-16.lyon.grid5000.fr ft C 32 29.23 1581252143 1581252173 1740000 1740000 100 40
nova-16.lyon.grid5000.fr lu C 32 74.58 1581252180 1581252255 1740000 1740000 100 40
nova-16.lyon.grid5000.fr mg C 32 12.00 1581252262 1581252274 1740000 1740000 100 40
nova-16.lyon.grid5000.fr ep C 32 11.59 1581252281 1581252292 1920000 1920000 100 40
nova-16.lyon.grid5000.fr cg C 32 22.93 1581252299 1581252322 1920000 1920000 100 40
nova-16.lyon.grid5000.fr ft C 32 27.71 1581252337 1581252366 1920000 1920000 100 40
nova-16.lyon.grid5000.fr lu C 32 70.57 1581252373 1581252443 1920000 1920000 100 40
nova-16.lyon.grid5000.fr mg C 32 11.95 1581252450 1581252463 1920000 1920000 100 40
nova-16.lyon.grid5000.fr ep C 32 10.62 1581252470 1581252479 2100000 2100000 100 40
nova-16.lyon.grid5000.fr cg C 32 21.59 1581252486 1581252508 2100000 2100000 100 40
nova-16.lyon.grid5000.fr ft C 32 26.17 1581252523 1581252550 2100000 2100000 100 40
nova-16.lyon.grid5000.fr lu C 32 65.46 1581252557 1581252622 2100000 2100000 100 40
nova-16.lyon.grid5000.fr mg C 32 11.75 1581252630 1581252641 2100000 2100000 100 40
nova-10.lyon.grid5000.fr is D 32 36.04 1581690328 1581690393 1200000 1200000 100 40
nova-10.lyon.grid5000.fr is D 32 35.01 1581690400 1581690465 1380000 1380000 100 40
nova-10.lyon.grid5000.fr is D 32 32.37 1581690472 1581690529 1560000 1560000 100 40
nova-10.lyon.grid5000.fr is D 32 31.02 1581690536 1581690592 1740000 1740000 100 40
nova-10.lyon.grid5000.fr is D 32 30.19 1581690599 1581690650 1920000 1920000 100 40
nova-10.lyon.grid5000.fr is D 32 31.95 1581690657 1581690709 2100000 2100000 100 40
nova-17.lyon.grid5000.fr is D 32 36.27 1581690328 1581690393 1200000 1200000 100 40
nova-17.lyon.grid5000.fr is D 32 34.87 1581690400 1581690462 1380000 1380000 100 40
nova-17.lyon.grid5000.fr is D 32 36.67 1581690469 1581690534 1560000 1560000 100 40
nova-17.lyon.grid5000.fr is D 32 31.09 1581690541 1581690595 1740000 1740000 100 40
nova-17.lyon.grid5000.fr is D 32 30.00 1581690602 1581690653 1920000 1920000 100 40
nova-17.lyon.grid5000.fr is D 32 31.81 1581690661 1581690713 2100000 2100000 100 40
nova-18.lyon.grid5000.fr is D 32 37.29 1581690328 1581690395 1200000 1200000 100 40
nova-18.lyon.grid5000.fr is D 32 34.50 1581690402 1581690466 1380000 1380000 100 40
nova-18.lyon.grid5000.fr is D 32 32.70 1581690473 1581690530 1560000 1560000 100 40
nova-18.lyon.grid5000.fr is D 32 33.24 1581690537 1581690593 1740000 1740000 100 40
nova-18.lyon.grid5000.fr is D 32 29.80 1581690600 1581690651 1920000 1920000 100 40
nova-18.lyon.grid5000.fr is D 32 33.62 1581690658 1581690714 2100000 2100000 100 40
nova-21.lyon.grid5000.fr is D 32 35.90 1581690328 1581690393 1200000 1200000 100 40
nova-21.lyon.grid5000.fr is D 32 35.24 1581690400 1581690462 1380000 1380000 100 40
nova-21.lyon.grid5000.fr is D 32 32.32 1581690469 1581690526 1560000 1560000 100 40
nova-21.lyon.grid5000.fr is D 32 33.18 1581690533 1581690589 1740000 1740000 100 40
nova-21.lyon.grid5000.fr is D 32 30.75 1581690596 1581690648 1920000 1920000 100 40
nova-21.lyon.grid5000.fr is D 32 31.64 1581690655 1581690707 2100000 2100000 100 40
nova-11.lyon.grid5000.fr is D 32 38.41 1581691615 1581691685 1200000 1200000 100 40
nova-11.lyon.grid5000.fr is D 32 35.23 1581691692 1581691755 1380000 1380000 100 40
nova-11.lyon.grid5000.fr is D 32 33.35 1581691762 1581691819 1560000 1560000 100 40
nova-11.lyon.grid5000.fr is D 32 33.05 1581691827 1581691882 1740000 1740000 100 40
nova-11.lyon.grid5000.fr is D 32 29.80 1581691889 1581691940 1920000 1920000 100 40
nova-11.lyon.grid5000.fr is D 32 31.35 1581691948 1581691999 2100000 2100000 100 40
nova-17.lyon.grid5000.fr is D 32 36.50 1581691617 1581691682 1200000 1200000 100 40
nova-17.lyon.grid5000.fr is D 32 35.27 1581691689 1581691751 1380000 1380000 100 40
nova-17.lyon.grid5000.fr is D 32 32.53 1581691758 1581691815 1560000 1560000 100 40
nova-17.lyon.grid5000.fr is D 32 32.08 1581691822 1581691877 1740000 1740000 100 40
nova-17.lyon.grid5000.fr is D 32 29.96 1581691884 1581691935 1920000 1920000 100 40
nova-17.lyon.grid5000.fr is D 32 30.77 1581691942 1581691993 2100000 2100000 100 40
nova-21.lyon.grid5000.fr is D 32 37.29 1581691599 1581691665 1200000 1200000 100 40
nova-21.lyon.grid5000.fr is D 32 34.70 1581691672 1581691734 1380000 1380000 100 40
nova-21.lyon.grid5000.fr is D 32 32.87 1581691741 1581691798 1560000 1560000 100 40
nova-21.lyon.grid5000.fr is D 32 31.01 1581691805 1581691859 1740000 1740000 100 40
nova-21.lyon.grid5000.fr is D 32 30.59 1581691866 1581691918 1920000 1920000 100 40
nova-21.lyon.grid5000.fr is D 32 32.07 1581691925 1581691977 2100000 2100000 100 40
nova-2.lyon.grid5000.fr is D 32 36.64 1581691615 1581691680 1200000 1200000 100 40
nova-2.lyon.grid5000.fr is D 32 34.46 1581691688 1581691749 1380000 1380000 100 40
nova-2.lyon.grid5000.fr is D 32 32.59 1581691756 1581691813 1560000 1560000 100 40
nova-2.lyon.grid5000.fr is D 32 31.11 1581691820 1581691876 1740000 1740000 100 40
nova-2.lyon.grid5000.fr is D 32 29.67 1581691883 1581691934 1920000 1920000 100 40
nova-2.lyon.grid5000.fr is D 32 31.09 1581691941 1581691992 2100000 2100000 100 40
nova-6.lyon.grid5000.fr is D 32 36.42 1581691599 1581691664 1200000 1200000 100 40
nova-6.lyon.grid5000.fr is D 32 34.34 1581691671 1581691732 1380000 1380000 100 40
nova-6.lyon.grid5000.fr is D 32 33.24 1581691739 1581691797 1560000 1560000 100 40
nova-6.lyon.grid5000.fr is D 32 30.89 1581691804 1581691858 1740000 1740000 100 40
nova-6.lyon.grid5000.fr is D 32 30.90 1581691865 1581691919 1920000 1920000 100 40
nova-6.lyon.grid5000.fr is D 32 31.12 1581691926 1581691977 2100000 2100000 100 40
